+----------------+-----------+-----------+-------------------+-------------------------------------------------------------------------+
|     Name       |   Type    |   Value   |  Register (loc)   |                               Line number                               |
+----------------+-----------+-----------+-------------------+-------------------------------------------------------------------------+
|       x        |    int    |    92     |         0         |                  2, 9, 14, 34, 38, 39, 37, 47, 47, 48                   |
|       y        |    int    |     1     |         1         |              2, 10, 11, 12, 12, 15, 29, 29, 36, 36, 44, 45              |
|       z        |    int    |    64     |         2         |                                2, 11, 16                                |
|       a        |   float   |   62.0    |         3         |                            3, 13, 19, 32, 32                            |
|       b        |   float   |    5.0    |         4         |                                3, 23, 26                                |
|       c        |   float   |    22     |         5         |                        3, 6, 7, 7, 8, 8, 33, 33                         |
+----------------+-----------+-----------+-------------------+-------------------------------------------------------------------------+
